# 9 data rows and a comment
0.000000000000000 1.000000000000000 2.000000000000000 3.000000000000000
4.000000000000000 5.000000000000000 6.000000000000000 7.000000000000000
8.000000000000000 9.000000000000000 10.000000000000000 11.000000000000000
12.000000000000001 13.000000000000000 14.000000000000001 15.000000000000000
16.000000000000000 17.000000000000001 18.000000000000000 19.000000000000001
20.000000000000000 21.000000000000000 22.000000000000001 23.000000000000002
24.000000000000003 25.000000000000000 26.000000000000000 27.000000000000001
28.000000000000003 29.000000000000003 30.000000000000000 31.000000000000000
32.000000000000001 33.000000000000002 34.000000000000003 35.000000000000000
